{
 "cells": [
  {
   "cell_type": "markdown",
   "id": "a6f0c63e",
   "metadata": {},
   "source": [
    "# Fama-French 3 Factor model (Python conversion)\n",
    "This notebook translates the original R workflow into Python while preserving the analytical steps for factor investing."
   ]
  },
  {
   "cell_type": "markdown",
   "id": "f7b60872",
   "metadata": {},
   "source": [
    "## Environment setup\n",
    "Import Python libraries for numerical analysis, plotting, and data access."
   ]
  },
  {
   "cell_type": "code",
   "execution_count": 59,
   "id": "8bec30e0",
   "metadata": {},
   "outputs": [],
   "source": [
    "import numpy as np\n",
    "import pandas as pd\n",
    "import matplotlib.pyplot as plt\n",
    "import seaborn as sns\n",
    "from io import BytesIO\n",
    "from zipfile import ZipFile\n",
    "from urllib.request import urlopen\n",
    "import yfinance as yf\n",
    "\n",
    "import statsmodels.api as sm\n",
    "from IPython.display import display\n",
    "\n",
    "#from helpers import get_yahoo_data\n",
    "\n",
    "plt.style.use(\"seaborn-v0_8\")\n",
    "pd.set_option(\"display.float_format\", lambda x: f\"{x:,.6f}\")\n",
    "sns.set_palette(\"deep\")"
   ]
  },
  {
   "cell_type": "markdown",
   "id": "4531e333",
   "metadata": {},
   "source": [
    "## Data preparation\n",
    "Define the investment universe and download daily prices from Yahoo Finance using the shared helper."
   ]
  },
  {
   "cell_type": "code",
   "execution_count": 60,
   "id": "b9de3950",
   "metadata": {},
   "outputs": [
    {
     "data": {
      "text/html": [
       "<div>\n",
       "<style scoped>\n",
       "    .dataframe tbody tr th:only-of-type {\n",
       "        vertical-align: middle;\n",
       "    }\n",
       "\n",
       "    .dataframe tbody tr th {\n",
       "        vertical-align: top;\n",
       "    }\n",
       "\n",
       "    .dataframe thead th {\n",
       "        text-align: right;\n",
       "    }\n",
       "</style>\n",
       "<table border=\"1\" class=\"dataframe\">\n",
       "  <thead>\n",
       "    <tr style=\"text-align: right;\">\n",
       "      <th>Ticker</th>\n",
       "      <th>NFLX</th>\n",
       "      <th>GM</th>\n",
       "      <th>META</th>\n",
       "      <th>SBUX</th>\n",
       "      <th>AMZN</th>\n",
       "      <th>AAPL</th>\n",
       "      <th>WMT</th>\n",
       "      <th>XOM</th>\n",
       "      <th>GOOG</th>\n",
       "      <th>T</th>\n",
       "    </tr>\n",
       "    <tr>\n",
       "      <th>Date</th>\n",
       "      <th></th>\n",
       "      <th></th>\n",
       "      <th></th>\n",
       "      <th></th>\n",
       "      <th></th>\n",
       "      <th></th>\n",
       "      <th></th>\n",
       "      <th></th>\n",
       "      <th></th>\n",
       "      <th></th>\n",
       "    </tr>\n",
       "  </thead>\n",
       "  <tbody>\n",
       "    <tr>\n",
       "      <th>2017-01-01</th>\n",
       "      <td>140.710007</td>\n",
       "      <td>30.957949</td>\n",
       "      <td>129.521545</td>\n",
       "      <td>45.860058</td>\n",
       "      <td>41.174000</td>\n",
       "      <td>27.996515</td>\n",
       "      <td>19.119116</td>\n",
       "      <td>56.536968</td>\n",
       "      <td>39.568718</td>\n",
       "      <td>16.687925</td>\n",
       "    </tr>\n",
       "    <tr>\n",
       "      <th>2017-02-01</th>\n",
       "      <td>142.130005</td>\n",
       "      <td>31.152451</td>\n",
       "      <td>134.709564</td>\n",
       "      <td>47.230385</td>\n",
       "      <td>42.251999</td>\n",
       "      <td>31.604813</td>\n",
       "      <td>20.319435</td>\n",
       "      <td>54.804935</td>\n",
       "      <td>40.880745</td>\n",
       "      <td>16.796978</td>\n",
       "    </tr>\n",
       "    <tr>\n",
       "      <th>2017-03-01</th>\n",
       "      <td>147.809998</td>\n",
       "      <td>29.900932</td>\n",
       "      <td>141.179657</td>\n",
       "      <td>48.711258</td>\n",
       "      <td>44.327000</td>\n",
       "      <td>33.287338</td>\n",
       "      <td>20.648880</td>\n",
       "      <td>55.775352</td>\n",
       "      <td>41.196083</td>\n",
       "      <td>16.700508</td>\n",
       "    </tr>\n",
       "    <tr>\n",
       "      <th>2017-04-01</th>\n",
       "      <td>152.199997</td>\n",
       "      <td>29.591795</td>\n",
       "      <td>149.329437</td>\n",
       "      <td>50.104439</td>\n",
       "      <td>46.249500</td>\n",
       "      <td>33.285015</td>\n",
       "      <td>21.695301</td>\n",
       "      <td>55.530518</td>\n",
       "      <td>44.990124</td>\n",
       "      <td>15.928791</td>\n",
       "    </tr>\n",
       "    <tr>\n",
       "      <th>2017-05-01</th>\n",
       "      <td>163.070007</td>\n",
       "      <td>28.985262</td>\n",
       "      <td>150.532013</td>\n",
       "      <td>53.065987</td>\n",
       "      <td>49.730999</td>\n",
       "      <td>35.395885</td>\n",
       "      <td>22.682241</td>\n",
       "      <td>54.748402</td>\n",
       "      <td>47.915104</td>\n",
       "      <td>15.732539</td>\n",
       "    </tr>\n",
       "  </tbody>\n",
       "</table>\n",
       "</div>"
      ],
      "text/plain": [
       "Ticker           NFLX        GM       META      SBUX      AMZN      AAPL  \\\n",
       "Date                                                                       \n",
       "2017-01-01 140.710007 30.957949 129.521545 45.860058 41.174000 27.996515   \n",
       "2017-02-01 142.130005 31.152451 134.709564 47.230385 42.251999 31.604813   \n",
       "2017-03-01 147.809998 29.900932 141.179657 48.711258 44.327000 33.287338   \n",
       "2017-04-01 152.199997 29.591795 149.329437 50.104439 46.249500 33.285015   \n",
       "2017-05-01 163.070007 28.985262 150.532013 53.065987 49.730999 35.395885   \n",
       "\n",
       "Ticker           WMT       XOM      GOOG         T  \n",
       "Date                                                \n",
       "2017-01-01 19.119116 56.536968 39.568718 16.687925  \n",
       "2017-02-01 20.319435 54.804935 40.880745 16.796978  \n",
       "2017-03-01 20.648880 55.775352 41.196083 16.700508  \n",
       "2017-04-01 21.695301 55.530518 44.990124 15.928791  \n",
       "2017-05-01 22.682241 54.748402 47.915104 15.732539  "
      ]
     },
     "metadata": {},
     "output_type": "display_data"
    }
   ],
   "source": [
    "start_date = \"2017-01-01\"\n",
    "end_date = \"2025-09-30\"\n",
    "tickers = [\"AAPL\", \"AMZN\", \"NFLX\", \"GOOG\", \"META\", \"XOM\", \"GM\", \"T\", \"WMT\", \"SBUX\"]\n",
    "market_ticker = \"^GSPC\"\n",
    "interval = \"1mo\"\n",
    "\n",
    "stocks_raw = yf.download(\n",
    "    tickers=tickers,\n",
    "    start=start_date,\n",
    "    end=end_date,\n",
    "    interval=interval,\n",
    "    group_by='ticker',\n",
    "    auto_adjust=False,\n",
    "    threads=True,\n",
    "    progress=False\n",
    ")\n",
    "market_raw = yf.download(\n",
    "    tickers=market_ticker,\n",
    "    start=start_date,\n",
    "    end=end_date,\n",
    "    interval=interval,\n",
    "    group_by='ticker',\n",
    "    auto_adjust=False,\n",
    "    threads=True,\n",
    "    progress=False\n",
    ")\n",
    "\n",
    "stock_prices=stocks_raw.xs(\"Adj Close\", level=1, axis=1).copy()\n",
    "market_prices=market_raw.xs(\"Adj Close\", level=1, axis=1).copy()\n",
    "display(stock_prices.head())"
   ]
  },
  {
   "cell_type": "code",
   "execution_count": 61,
   "id": "7da60568",
   "metadata": {},
   "outputs": [
    {
     "name": "stdout",
     "output_type": "stream",
     "text": [
      "Number of assets: 10\n",
      "Number of observations: 104\n"
     ]
    },
    {
     "data": {
      "text/html": [
       "<div>\n",
       "<style scoped>\n",
       "    .dataframe tbody tr th:only-of-type {\n",
       "        vertical-align: middle;\n",
       "    }\n",
       "\n",
       "    .dataframe tbody tr th {\n",
       "        vertical-align: top;\n",
       "    }\n",
       "\n",
       "    .dataframe thead th {\n",
       "        text-align: right;\n",
       "    }\n",
       "</style>\n",
       "<table border=\"1\" class=\"dataframe\">\n",
       "  <thead>\n",
       "    <tr style=\"text-align: right;\">\n",
       "      <th>Ticker</th>\n",
       "      <th>NFLX</th>\n",
       "      <th>GM</th>\n",
       "      <th>META</th>\n",
       "      <th>SBUX</th>\n",
       "      <th>AMZN</th>\n",
       "      <th>AAPL</th>\n",
       "      <th>WMT</th>\n",
       "      <th>XOM</th>\n",
       "      <th>GOOG</th>\n",
       "      <th>T</th>\n",
       "    </tr>\n",
       "    <tr>\n",
       "      <th>Ticker</th>\n",
       "      <th></th>\n",
       "      <th></th>\n",
       "      <th></th>\n",
       "      <th></th>\n",
       "      <th></th>\n",
       "      <th></th>\n",
       "      <th></th>\n",
       "      <th></th>\n",
       "      <th></th>\n",
       "      <th></th>\n",
       "    </tr>\n",
       "  </thead>\n",
       "  <tbody>\n",
       "    <tr>\n",
       "      <th>NFLX</th>\n",
       "      <td>0.014821</td>\n",
       "      <td>0.003752</td>\n",
       "      <td>0.004146</td>\n",
       "      <td>0.002284</td>\n",
       "      <td>0.006684</td>\n",
       "      <td>0.003471</td>\n",
       "      <td>0.001502</td>\n",
       "      <td>0.000407</td>\n",
       "      <td>0.003471</td>\n",
       "      <td>0.000393</td>\n",
       "    </tr>\n",
       "    <tr>\n",
       "      <th>GM</th>\n",
       "      <td>0.003752</td>\n",
       "      <td>0.010161</td>\n",
       "      <td>0.003567</td>\n",
       "      <td>0.002694</td>\n",
       "      <td>0.002275</td>\n",
       "      <td>0.003027</td>\n",
       "      <td>0.001339</td>\n",
       "      <td>0.003784</td>\n",
       "      <td>0.002903</td>\n",
       "      <td>0.002025</td>\n",
       "    </tr>\n",
       "    <tr>\n",
       "      <th>META</th>\n",
       "      <td>0.004146</td>\n",
       "      <td>0.003567</td>\n",
       "      <td>0.011392</td>\n",
       "      <td>0.002878</td>\n",
       "      <td>0.004697</td>\n",
       "      <td>0.003152</td>\n",
       "      <td>0.001634</td>\n",
       "      <td>0.000385</td>\n",
       "      <td>0.003393</td>\n",
       "      <td>0.000735</td>\n",
       "    </tr>\n",
       "    <tr>\n",
       "      <th>SBUX</th>\n",
       "      <td>0.002284</td>\n",
       "      <td>0.002694</td>\n",
       "      <td>0.002878</td>\n",
       "      <td>0.005973</td>\n",
       "      <td>0.002044</td>\n",
       "      <td>0.001617</td>\n",
       "      <td>0.000860</td>\n",
       "      <td>0.001520</td>\n",
       "      <td>0.001577</td>\n",
       "      <td>0.001294</td>\n",
       "    </tr>\n",
       "    <tr>\n",
       "      <th>AMZN</th>\n",
       "      <td>0.006684</td>\n",
       "      <td>0.002275</td>\n",
       "      <td>0.004697</td>\n",
       "      <td>0.002044</td>\n",
       "      <td>0.007553</td>\n",
       "      <td>0.003801</td>\n",
       "      <td>0.001407</td>\n",
       "      <td>0.000763</td>\n",
       "      <td>0.003933</td>\n",
       "      <td>-0.000204</td>\n",
       "    </tr>\n",
       "    <tr>\n",
       "      <th>AAPL</th>\n",
       "      <td>0.003471</td>\n",
       "      <td>0.003027</td>\n",
       "      <td>0.003152</td>\n",
       "      <td>0.001617</td>\n",
       "      <td>0.003801</td>\n",
       "      <td>0.006390</td>\n",
       "      <td>0.001427</td>\n",
       "      <td>0.001319</td>\n",
       "      <td>0.002695</td>\n",
       "      <td>0.000906</td>\n",
       "    </tr>\n",
       "    <tr>\n",
       "      <th>WMT</th>\n",
       "      <td>0.001502</td>\n",
       "      <td>0.001339</td>\n",
       "      <td>0.001634</td>\n",
       "      <td>0.000860</td>\n",
       "      <td>0.001407</td>\n",
       "      <td>0.001427</td>\n",
       "      <td>0.003069</td>\n",
       "      <td>0.000434</td>\n",
       "      <td>0.000983</td>\n",
       "      <td>0.000334</td>\n",
       "    </tr>\n",
       "    <tr>\n",
       "      <th>XOM</th>\n",
       "      <td>0.000407</td>\n",
       "      <td>0.003784</td>\n",
       "      <td>0.000385</td>\n",
       "      <td>0.001520</td>\n",
       "      <td>0.000763</td>\n",
       "      <td>0.001319</td>\n",
       "      <td>0.000434</td>\n",
       "      <td>0.006786</td>\n",
       "      <td>0.001214</td>\n",
       "      <td>0.002256</td>\n",
       "    </tr>\n",
       "    <tr>\n",
       "      <th>GOOG</th>\n",
       "      <td>0.003471</td>\n",
       "      <td>0.002903</td>\n",
       "      <td>0.003393</td>\n",
       "      <td>0.001577</td>\n",
       "      <td>0.003933</td>\n",
       "      <td>0.002695</td>\n",
       "      <td>0.000983</td>\n",
       "      <td>0.001214</td>\n",
       "      <td>0.005226</td>\n",
       "      <td>0.000331</td>\n",
       "    </tr>\n",
       "    <tr>\n",
       "      <th>T</th>\n",
       "      <td>0.000393</td>\n",
       "      <td>0.002025</td>\n",
       "      <td>0.000735</td>\n",
       "      <td>0.001294</td>\n",
       "      <td>-0.000204</td>\n",
       "      <td>0.000906</td>\n",
       "      <td>0.000334</td>\n",
       "      <td>0.002256</td>\n",
       "      <td>0.000331</td>\n",
       "      <td>0.003875</td>\n",
       "    </tr>\n",
       "  </tbody>\n",
       "</table>\n",
       "</div>"
      ],
      "text/plain": [
       "Ticker     NFLX       GM     META     SBUX      AMZN     AAPL      WMT  \\\n",
       "Ticker                                                                   \n",
       "NFLX   0.014821 0.003752 0.004146 0.002284  0.006684 0.003471 0.001502   \n",
       "GM     0.003752 0.010161 0.003567 0.002694  0.002275 0.003027 0.001339   \n",
       "META   0.004146 0.003567 0.011392 0.002878  0.004697 0.003152 0.001634   \n",
       "SBUX   0.002284 0.002694 0.002878 0.005973  0.002044 0.001617 0.000860   \n",
       "AMZN   0.006684 0.002275 0.004697 0.002044  0.007553 0.003801 0.001407   \n",
       "AAPL   0.003471 0.003027 0.003152 0.001617  0.003801 0.006390 0.001427   \n",
       "WMT    0.001502 0.001339 0.001634 0.000860  0.001407 0.001427 0.003069   \n",
       "XOM    0.000407 0.003784 0.000385 0.001520  0.000763 0.001319 0.000434   \n",
       "GOOG   0.003471 0.002903 0.003393 0.001577  0.003933 0.002695 0.000983   \n",
       "T      0.000393 0.002025 0.000735 0.001294 -0.000204 0.000906 0.000334   \n",
       "\n",
       "Ticker      XOM     GOOG         T  \n",
       "Ticker                              \n",
       "NFLX   0.000407 0.003471  0.000393  \n",
       "GM     0.003784 0.002903  0.002025  \n",
       "META   0.000385 0.003393  0.000735  \n",
       "SBUX   0.001520 0.001577  0.001294  \n",
       "AMZN   0.000763 0.003933 -0.000204  \n",
       "AAPL   0.001319 0.002695  0.000906  \n",
       "WMT    0.000434 0.000983  0.000334  \n",
       "XOM    0.006786 0.001214  0.002256  \n",
       "GOOG   0.001214 0.005226  0.000331  \n",
       "T      0.002256 0.000331  0.003875  "
      ]
     },
     "execution_count": 61,
     "metadata": {},
     "output_type": "execute_result"
    }
   ],
   "source": [
    "stock_returns = np.log(stock_prices / stock_prices.shift(1)).dropna()\n",
    "market_returns = np.log(market_prices / market_prices.shift(1)).dropna()\n",
    "\n",
    "stock_returns, market_returns = stock_returns.align(market_returns, join=\"inner\", axis=0)\n",
    "\n",
    "num_assets = stock_returns.shape[1]\n",
    "num_obs = stock_returns.shape[0]\n",
    "print(f\"Number of assets: {num_assets}\")\n",
    "print(f\"Number of observations: {num_obs}\")\n",
    "stock_returns.cov()"
   ]
  },
  {
   "cell_type": "markdown",
   "id": "f88e8475",
   "metadata": {},
   "source": [
    "## Single market factor model\n",
    "Estimate CAPM-style alphas and betas using least squares and inspect the implied covariance matrix."
   ]
  },
  {
   "cell_type": "code",
   "execution_count": 62,
   "id": "0221861a",
   "metadata": {},
   "outputs": [
    {
     "data": {
      "text/html": [
       "<div>\n",
       "<style scoped>\n",
       "    .dataframe tbody tr th:only-of-type {\n",
       "        vertical-align: middle;\n",
       "    }\n",
       "\n",
       "    .dataframe tbody tr th {\n",
       "        vertical-align: top;\n",
       "    }\n",
       "\n",
       "    .dataframe thead th {\n",
       "        text-align: right;\n",
       "    }\n",
       "</style>\n",
       "<table border=\"1\" class=\"dataframe\">\n",
       "  <thead>\n",
       "    <tr style=\"text-align: right;\">\n",
       "      <th></th>\n",
       "      <th>alpha</th>\n",
       "      <th>beta</th>\n",
       "    </tr>\n",
       "    <tr>\n",
       "      <th>Ticker</th>\n",
       "      <th></th>\n",
       "      <th></th>\n",
       "    </tr>\n",
       "  </thead>\n",
       "  <tbody>\n",
       "    <tr>\n",
       "      <th>NFLX</th>\n",
       "      <td>0.006498</td>\n",
       "      <td>1.362172</td>\n",
       "    </tr>\n",
       "    <tr>\n",
       "      <th>GM</th>\n",
       "      <td>-0.008024</td>\n",
       "      <td>1.402126</td>\n",
       "    </tr>\n",
       "    <tr>\n",
       "      <th>META</th>\n",
       "      <td>0.003547</td>\n",
       "      <td>1.268289</td>\n",
       "    </tr>\n",
       "    <tr>\n",
       "      <th>SBUX</th>\n",
       "      <td>-0.003458</td>\n",
       "      <td>0.902765</td>\n",
       "    </tr>\n",
       "    <tr>\n",
       "      <th>AMZN</th>\n",
       "      <td>0.003140</td>\n",
       "      <td>1.251284</td>\n",
       "    </tr>\n",
       "    <tr>\n",
       "      <th>AAPL</th>\n",
       "      <td>0.009330</td>\n",
       "      <td>1.149255</td>\n",
       "    </tr>\n",
       "    <tr>\n",
       "      <th>WMT</th>\n",
       "      <td>0.010331</td>\n",
       "      <td>0.566767</td>\n",
       "    </tr>\n",
       "    <tr>\n",
       "      <th>XOM</th>\n",
       "      <td>-0.002649</td>\n",
       "      <td>0.896953</td>\n",
       "    </tr>\n",
       "    <tr>\n",
       "      <th>GOOG</th>\n",
       "      <td>0.006583</td>\n",
       "      <td>1.051127</td>\n",
       "    </tr>\n",
       "    <tr>\n",
       "      <th>T</th>\n",
       "      <td>-0.000872</td>\n",
       "      <td>0.562842</td>\n",
       "    </tr>\n",
       "  </tbody>\n",
       "</table>\n",
       "</div>"
      ],
      "text/plain": [
       "           alpha     beta\n",
       "Ticker                   \n",
       "NFLX    0.006498 1.362172\n",
       "GM     -0.008024 1.402126\n",
       "META    0.003547 1.268289\n",
       "SBUX   -0.003458 0.902765\n",
       "AMZN    0.003140 1.251284\n",
       "AAPL    0.009330 1.149255\n",
       "WMT     0.010331 0.566767\n",
       "XOM    -0.002649 0.896953\n",
       "GOOG    0.006583 1.051127\n",
       "T      -0.000872 0.562842"
      ]
     },
     "execution_count": 62,
     "metadata": {},
     "output_type": "execute_result"
    }
   ],
   "source": [
    "X = stock_returns.to_numpy()\n",
    "f = market_returns.to_numpy().reshape(-1, 1)\n",
    "\n",
    "X_centered = X - X.mean(axis=0)\n",
    "f_centered = f - f.mean(axis=0)\n",
    "\n",
    "cov_xf = (X_centered * f_centered).sum(axis=0) / (len(f_centered) - 1)\n",
    "market_var = float((f_centered ** 2).sum() / (len(f_centered) - 1))\n",
    "\n",
    "beta_ls = cov_xf / market_var\n",
    "# ensure market mean is a scalar (not a length-1 Series) to avoid alignment issues\n",
    "market_mean = float(market_returns.mean().to_numpy().squeeze())\n",
    "alpha_ls = stock_returns.mean().to_numpy() - beta_ls * market_mean\n",
    "single_factor_params = pd.DataFrame({\"alpha\": alpha_ls, \"beta\": beta_ls}, index=stock_returns.columns)\n",
    "single_factor_params"
   ]
  },
  {
   "cell_type": "markdown",
   "id": "4ca7c246",
   "metadata": {},
   "source": [
    "The closed-form solution mirrors the R implementation: betas are the asset-market covariances divided by market variance, and alphas adjust for the average market return."
   ]
  },
  {
   "cell_type": "code",
   "execution_count": 63,
   "id": "dd8a5042",
   "metadata": {},
   "outputs": [
    {
     "data": {
      "text/html": [
       "<div>\n",
       "<style scoped>\n",
       "    .dataframe tbody tr th:only-of-type {\n",
       "        vertical-align: middle;\n",
       "    }\n",
       "\n",
       "    .dataframe tbody tr th {\n",
       "        vertical-align: top;\n",
       "    }\n",
       "\n",
       "    .dataframe thead th {\n",
       "        text-align: right;\n",
       "    }\n",
       "</style>\n",
       "<table border=\"1\" class=\"dataframe\">\n",
       "  <thead>\n",
       "    <tr style=\"text-align: right;\">\n",
       "      <th>Ticker</th>\n",
       "      <th>NFLX</th>\n",
       "      <th>GM</th>\n",
       "      <th>META</th>\n",
       "      <th>SBUX</th>\n",
       "      <th>AMZN</th>\n",
       "      <th>AAPL</th>\n",
       "      <th>WMT</th>\n",
       "      <th>XOM</th>\n",
       "      <th>GOOG</th>\n",
       "      <th>T</th>\n",
       "    </tr>\n",
       "    <tr>\n",
       "      <th>Ticker</th>\n",
       "      <th></th>\n",
       "      <th></th>\n",
       "      <th></th>\n",
       "      <th></th>\n",
       "      <th></th>\n",
       "      <th></th>\n",
       "      <th></th>\n",
       "      <th></th>\n",
       "      <th></th>\n",
       "      <th></th>\n",
       "    </tr>\n",
       "  </thead>\n",
       "  <tbody>\n",
       "    <tr>\n",
       "      <th>NFLX</th>\n",
       "      <td>0.014928</td>\n",
       "      <td>0.004029</td>\n",
       "      <td>0.003644</td>\n",
       "      <td>0.002594</td>\n",
       "      <td>0.003595</td>\n",
       "      <td>0.003302</td>\n",
       "      <td>0.001628</td>\n",
       "      <td>0.002577</td>\n",
       "      <td>0.003020</td>\n",
       "      <td>0.001617</td>\n",
       "    </tr>\n",
       "    <tr>\n",
       "      <th>GM</th>\n",
       "      <td>0.004029</td>\n",
       "      <td>0.010220</td>\n",
       "      <td>0.003751</td>\n",
       "      <td>0.002670</td>\n",
       "      <td>0.003701</td>\n",
       "      <td>0.003399</td>\n",
       "      <td>0.001676</td>\n",
       "      <td>0.002653</td>\n",
       "      <td>0.003109</td>\n",
       "      <td>0.001665</td>\n",
       "    </tr>\n",
       "    <tr>\n",
       "      <th>META</th>\n",
       "      <td>0.003644</td>\n",
       "      <td>0.003751</td>\n",
       "      <td>0.011471</td>\n",
       "      <td>0.002415</td>\n",
       "      <td>0.003348</td>\n",
       "      <td>0.003075</td>\n",
       "      <td>0.001516</td>\n",
       "      <td>0.002400</td>\n",
       "      <td>0.002812</td>\n",
       "      <td>0.001506</td>\n",
       "    </tr>\n",
       "    <tr>\n",
       "      <th>SBUX</th>\n",
       "      <td>0.002594</td>\n",
       "      <td>0.002670</td>\n",
       "      <td>0.002415</td>\n",
       "      <td>0.006014</td>\n",
       "      <td>0.002383</td>\n",
       "      <td>0.002188</td>\n",
       "      <td>0.001079</td>\n",
       "      <td>0.001708</td>\n",
       "      <td>0.002002</td>\n",
       "      <td>0.001072</td>\n",
       "    </tr>\n",
       "    <tr>\n",
       "      <th>AMZN</th>\n",
       "      <td>0.003595</td>\n",
       "      <td>0.003701</td>\n",
       "      <td>0.003348</td>\n",
       "      <td>0.002383</td>\n",
       "      <td>0.007595</td>\n",
       "      <td>0.003033</td>\n",
       "      <td>0.001496</td>\n",
       "      <td>0.002367</td>\n",
       "      <td>0.002774</td>\n",
       "      <td>0.001486</td>\n",
       "    </tr>\n",
       "    <tr>\n",
       "      <th>AAPL</th>\n",
       "      <td>0.003302</td>\n",
       "      <td>0.003399</td>\n",
       "      <td>0.003075</td>\n",
       "      <td>0.002188</td>\n",
       "      <td>0.003033</td>\n",
       "      <td>0.006425</td>\n",
       "      <td>0.001374</td>\n",
       "      <td>0.002174</td>\n",
       "      <td>0.002548</td>\n",
       "      <td>0.001364</td>\n",
       "    </tr>\n",
       "    <tr>\n",
       "      <th>WMT</th>\n",
       "      <td>0.001628</td>\n",
       "      <td>0.001676</td>\n",
       "      <td>0.001516</td>\n",
       "      <td>0.001079</td>\n",
       "      <td>0.001496</td>\n",
       "      <td>0.001374</td>\n",
       "      <td>0.003092</td>\n",
       "      <td>0.001072</td>\n",
       "      <td>0.001257</td>\n",
       "      <td>0.000673</td>\n",
       "    </tr>\n",
       "    <tr>\n",
       "      <th>XOM</th>\n",
       "      <td>0.002577</td>\n",
       "      <td>0.002653</td>\n",
       "      <td>0.002400</td>\n",
       "      <td>0.001708</td>\n",
       "      <td>0.002367</td>\n",
       "      <td>0.002174</td>\n",
       "      <td>0.001072</td>\n",
       "      <td>0.006836</td>\n",
       "      <td>0.001989</td>\n",
       "      <td>0.001065</td>\n",
       "    </tr>\n",
       "    <tr>\n",
       "      <th>GOOG</th>\n",
       "      <td>0.003020</td>\n",
       "      <td>0.003109</td>\n",
       "      <td>0.002812</td>\n",
       "      <td>0.002002</td>\n",
       "      <td>0.002774</td>\n",
       "      <td>0.002548</td>\n",
       "      <td>0.001257</td>\n",
       "      <td>0.001989</td>\n",
       "      <td>0.005255</td>\n",
       "      <td>0.001248</td>\n",
       "    </tr>\n",
       "    <tr>\n",
       "      <th>T</th>\n",
       "      <td>0.001617</td>\n",
       "      <td>0.001665</td>\n",
       "      <td>0.001506</td>\n",
       "      <td>0.001072</td>\n",
       "      <td>0.001486</td>\n",
       "      <td>0.001364</td>\n",
       "      <td>0.000673</td>\n",
       "      <td>0.001065</td>\n",
       "      <td>0.001248</td>\n",
       "      <td>0.003906</td>\n",
       "    </tr>\n",
       "  </tbody>\n",
       "</table>\n",
       "</div>"
      ],
      "text/plain": [
       "Ticker     NFLX       GM     META     SBUX     AMZN     AAPL      WMT  \\\n",
       "Ticker                                                                  \n",
       "NFLX   0.014928 0.004029 0.003644 0.002594 0.003595 0.003302 0.001628   \n",
       "GM     0.004029 0.010220 0.003751 0.002670 0.003701 0.003399 0.001676   \n",
       "META   0.003644 0.003751 0.011471 0.002415 0.003348 0.003075 0.001516   \n",
       "SBUX   0.002594 0.002670 0.002415 0.006014 0.002383 0.002188 0.001079   \n",
       "AMZN   0.003595 0.003701 0.003348 0.002383 0.007595 0.003033 0.001496   \n",
       "AAPL   0.003302 0.003399 0.003075 0.002188 0.003033 0.006425 0.001374   \n",
       "WMT    0.001628 0.001676 0.001516 0.001079 0.001496 0.001374 0.003092   \n",
       "XOM    0.002577 0.002653 0.002400 0.001708 0.002367 0.002174 0.001072   \n",
       "GOOG   0.003020 0.003109 0.002812 0.002002 0.002774 0.002548 0.001257   \n",
       "T      0.001617 0.001665 0.001506 0.001072 0.001486 0.001364 0.000673   \n",
       "\n",
       "Ticker      XOM     GOOG        T  \n",
       "Ticker                             \n",
       "NFLX   0.002577 0.003020 0.001617  \n",
       "GM     0.002653 0.003109 0.001665  \n",
       "META   0.002400 0.002812 0.001506  \n",
       "SBUX   0.001708 0.002002 0.001072  \n",
       "AMZN   0.002367 0.002774 0.001486  \n",
       "AAPL   0.002174 0.002548 0.001364  \n",
       "WMT    0.001072 0.001257 0.000673  \n",
       "XOM    0.006836 0.001989 0.001065  \n",
       "GOOG   0.001989 0.005255 0.001248  \n",
       "T      0.001065 0.001248 0.003906  "
      ]
     },
     "execution_count": 63,
     "metadata": {},
     "output_type": "execute_result"
    }
   ],
   "source": [
    "predicted_returns = alpha_ls + f * beta_ls\n",
    "residuals = X - predicted_returns\n",
    "sigma2 = (residuals ** 2).sum(axis=0) / (len(f_centered) - 2)\n",
    "Psi_diag = np.diag(sigma2)\n",
    "Sigma_1factor = market_var * np.outer(beta_ls, beta_ls) + Psi_diag\n",
    "\n",
    "Psi_df = pd.DataFrame(Psi_diag, index=stock_returns.columns, columns=stock_returns.columns)\n",
    "Sigma_1factor_df = pd.DataFrame(Sigma_1factor, index=stock_returns.columns, columns=stock_returns.columns)\n",
    "Sigma_1factor_df"
   ]
  },
  {
   "cell_type": "markdown",
   "id": "36402af0",
   "metadata": {},
   "source": [
    "Residual variances (`Psi`) capture idiosyncratic risk, and combining them with the systematic component reconstructs the full covariance matrix."
   ]
  },
  {
   "cell_type": "markdown",
   "id": "ae005fc6",
   "metadata": {},
   "source": [
    "### Matrix form solution\n",
    "Solve the regression simultaneously for all assets using matrix algebra, matching the R `Gamma` estimate."
   ]
  },
  {
   "cell_type": "code",
   "execution_count": 64,
   "id": "d107db7e",
   "metadata": {},
   "outputs": [
    {
     "data": {
      "text/html": [
       "<div>\n",
       "<style scoped>\n",
       "    .dataframe tbody tr th:only-of-type {\n",
       "        vertical-align: middle;\n",
       "    }\n",
       "\n",
       "    .dataframe tbody tr th {\n",
       "        vertical-align: top;\n",
       "    }\n",
       "\n",
       "    .dataframe thead th {\n",
       "        text-align: right;\n",
       "    }\n",
       "</style>\n",
       "<table border=\"1\" class=\"dataframe\">\n",
       "  <thead>\n",
       "    <tr style=\"text-align: right;\">\n",
       "      <th></th>\n",
       "      <th>alpha</th>\n",
       "      <th>beta</th>\n",
       "    </tr>\n",
       "    <tr>\n",
       "      <th>Ticker</th>\n",
       "      <th></th>\n",
       "      <th></th>\n",
       "    </tr>\n",
       "  </thead>\n",
       "  <tbody>\n",
       "    <tr>\n",
       "      <th>NFLX</th>\n",
       "      <td>0.006498</td>\n",
       "      <td>1.362172</td>\n",
       "    </tr>\n",
       "    <tr>\n",
       "      <th>GM</th>\n",
       "      <td>-0.008024</td>\n",
       "      <td>1.402126</td>\n",
       "    </tr>\n",
       "    <tr>\n",
       "      <th>META</th>\n",
       "      <td>0.003547</td>\n",
       "      <td>1.268289</td>\n",
       "    </tr>\n",
       "    <tr>\n",
       "      <th>SBUX</th>\n",
       "      <td>-0.003458</td>\n",
       "      <td>0.902765</td>\n",
       "    </tr>\n",
       "    <tr>\n",
       "      <th>AMZN</th>\n",
       "      <td>0.003140</td>\n",
       "      <td>1.251284</td>\n",
       "    </tr>\n",
       "    <tr>\n",
       "      <th>AAPL</th>\n",
       "      <td>0.009330</td>\n",
       "      <td>1.149255</td>\n",
       "    </tr>\n",
       "    <tr>\n",
       "      <th>WMT</th>\n",
       "      <td>0.010331</td>\n",
       "      <td>0.566767</td>\n",
       "    </tr>\n",
       "    <tr>\n",
       "      <th>XOM</th>\n",
       "      <td>-0.002649</td>\n",
       "      <td>0.896953</td>\n",
       "    </tr>\n",
       "    <tr>\n",
       "      <th>GOOG</th>\n",
       "      <td>0.006583</td>\n",
       "      <td>1.051127</td>\n",
       "    </tr>\n",
       "    <tr>\n",
       "      <th>T</th>\n",
       "      <td>-0.000872</td>\n",
       "      <td>0.562842</td>\n",
       "    </tr>\n",
       "  </tbody>\n",
       "</table>\n",
       "</div>"
      ],
      "text/plain": [
       "           alpha     beta\n",
       "Ticker                   \n",
       "NFLX    0.006498 1.362172\n",
       "GM     -0.008024 1.402126\n",
       "META    0.003547 1.268289\n",
       "SBUX   -0.003458 0.902765\n",
       "AMZN    0.003140 1.251284\n",
       "AAPL    0.009330 1.149255\n",
       "WMT     0.010331 0.566767\n",
       "XOM    -0.002649 0.896953\n",
       "GOOG    0.006583 1.051127\n",
       "T      -0.000872 0.562842"
      ]
     },
     "execution_count": 64,
     "metadata": {},
     "output_type": "execute_result"
    }
   ],
   "source": [
    "F_matrix = np.column_stack([np.ones(len(market_returns)), market_returns.to_numpy()])\n",
    "Gamma = np.linalg.lstsq(F_matrix, stock_returns.to_numpy(), rcond=None)[0]\n",
    "alpha_matrix = pd.Series(Gamma[0], index=stock_returns.columns, name=\"alpha\")\n",
    "beta_matrix = pd.Series(Gamma[1], index=stock_returns.columns, name=\"beta\")\n",
    "pd.concat([alpha_matrix, beta_matrix], axis=1)"
   ]
  },
  {
   "cell_type": "code",
   "execution_count": 65,
   "id": "914ca05f",
   "metadata": {},
   "outputs": [
    {
     "data": {
      "text/html": [
       "<div>\n",
       "<style scoped>\n",
       "    .dataframe tbody tr th:only-of-type {\n",
       "        vertical-align: middle;\n",
       "    }\n",
       "\n",
       "    .dataframe tbody tr th {\n",
       "        vertical-align: top;\n",
       "    }\n",
       "\n",
       "    .dataframe thead th {\n",
       "        text-align: right;\n",
       "    }\n",
       "</style>\n",
       "<table border=\"1\" class=\"dataframe\">\n",
       "  <thead>\n",
       "    <tr style=\"text-align: right;\">\n",
       "      <th>Ticker</th>\n",
       "      <th>NFLX</th>\n",
       "      <th>GM</th>\n",
       "      <th>META</th>\n",
       "      <th>SBUX</th>\n",
       "      <th>AMZN</th>\n",
       "      <th>AAPL</th>\n",
       "      <th>WMT</th>\n",
       "      <th>XOM</th>\n",
       "      <th>GOOG</th>\n",
       "      <th>T</th>\n",
       "    </tr>\n",
       "    <tr>\n",
       "      <th>Ticker</th>\n",
       "      <th></th>\n",
       "      <th></th>\n",
       "      <th></th>\n",
       "      <th></th>\n",
       "      <th></th>\n",
       "      <th></th>\n",
       "      <th></th>\n",
       "      <th></th>\n",
       "      <th></th>\n",
       "      <th></th>\n",
       "    </tr>\n",
       "  </thead>\n",
       "  <tbody>\n",
       "    <tr>\n",
       "      <th>NFLX</th>\n",
       "      <td>0.011014</td>\n",
       "      <td>-0.000280</td>\n",
       "      <td>0.000507</td>\n",
       "      <td>-0.000313</td>\n",
       "      <td>0.003118</td>\n",
       "      <td>0.000171</td>\n",
       "      <td>-0.000127</td>\n",
       "      <td>-0.002192</td>\n",
       "      <td>0.000455</td>\n",
       "      <td>-0.001236</td>\n",
       "    </tr>\n",
       "    <tr>\n",
       "      <th>GM</th>\n",
       "      <td>-0.000280</td>\n",
       "      <td>0.006073</td>\n",
       "      <td>-0.000186</td>\n",
       "      <td>0.000025</td>\n",
       "      <td>-0.001439</td>\n",
       "      <td>-0.000375</td>\n",
       "      <td>-0.000341</td>\n",
       "      <td>0.001142</td>\n",
       "      <td>-0.000207</td>\n",
       "      <td>0.000364</td>\n",
       "    </tr>\n",
       "    <tr>\n",
       "      <th>META</th>\n",
       "      <td>0.000507</td>\n",
       "      <td>-0.000186</td>\n",
       "      <td>0.008078</td>\n",
       "      <td>0.000467</td>\n",
       "      <td>0.001363</td>\n",
       "      <td>0.000078</td>\n",
       "      <td>0.000119</td>\n",
       "      <td>-0.002034</td>\n",
       "      <td>0.000587</td>\n",
       "      <td>-0.000778</td>\n",
       "    </tr>\n",
       "    <tr>\n",
       "      <th>SBUX</th>\n",
       "      <td>-0.000313</td>\n",
       "      <td>0.000025</td>\n",
       "      <td>0.000467</td>\n",
       "      <td>0.004295</td>\n",
       "      <td>-0.000342</td>\n",
       "      <td>-0.000577</td>\n",
       "      <td>-0.000221</td>\n",
       "      <td>-0.000190</td>\n",
       "      <td>-0.000429</td>\n",
       "      <td>0.000224</td>\n",
       "    </tr>\n",
       "    <tr>\n",
       "      <th>AMZN</th>\n",
       "      <td>0.003118</td>\n",
       "      <td>-0.001439</td>\n",
       "      <td>0.001363</td>\n",
       "      <td>-0.000342</td>\n",
       "      <td>0.004292</td>\n",
       "      <td>0.000776</td>\n",
       "      <td>-0.000090</td>\n",
       "      <td>-0.001620</td>\n",
       "      <td>0.001170</td>\n",
       "      <td>-0.001706</td>\n",
       "    </tr>\n",
       "    <tr>\n",
       "      <th>AAPL</th>\n",
       "      <td>0.000171</td>\n",
       "      <td>-0.000375</td>\n",
       "      <td>0.000078</td>\n",
       "      <td>-0.000577</td>\n",
       "      <td>0.000776</td>\n",
       "      <td>0.003639</td>\n",
       "      <td>0.000054</td>\n",
       "      <td>-0.000864</td>\n",
       "      <td>0.000148</td>\n",
       "      <td>-0.000463</td>\n",
       "    </tr>\n",
       "    <tr>\n",
       "      <th>WMT</th>\n",
       "      <td>-0.000127</td>\n",
       "      <td>-0.000341</td>\n",
       "      <td>0.000119</td>\n",
       "      <td>-0.000221</td>\n",
       "      <td>-0.000090</td>\n",
       "      <td>0.000054</td>\n",
       "      <td>0.002415</td>\n",
       "      <td>-0.000645</td>\n",
       "      <td>-0.000276</td>\n",
       "      <td>-0.000342</td>\n",
       "    </tr>\n",
       "    <tr>\n",
       "      <th>XOM</th>\n",
       "      <td>-0.002192</td>\n",
       "      <td>0.001142</td>\n",
       "      <td>-0.002034</td>\n",
       "      <td>-0.000190</td>\n",
       "      <td>-0.001620</td>\n",
       "      <td>-0.000864</td>\n",
       "      <td>-0.000645</td>\n",
       "      <td>0.005139</td>\n",
       "      <td>-0.000782</td>\n",
       "      <td>0.001203</td>\n",
       "    </tr>\n",
       "    <tr>\n",
       "      <th>GOOG</th>\n",
       "      <td>0.000455</td>\n",
       "      <td>-0.000207</td>\n",
       "      <td>0.000587</td>\n",
       "      <td>-0.000429</td>\n",
       "      <td>0.001170</td>\n",
       "      <td>0.000148</td>\n",
       "      <td>-0.000276</td>\n",
       "      <td>-0.000782</td>\n",
       "      <td>0.002924</td>\n",
       "      <td>-0.000926</td>\n",
       "    </tr>\n",
       "    <tr>\n",
       "      <th>T</th>\n",
       "      <td>-0.001236</td>\n",
       "      <td>0.000364</td>\n",
       "      <td>-0.000778</td>\n",
       "      <td>0.000224</td>\n",
       "      <td>-0.001706</td>\n",
       "      <td>-0.000463</td>\n",
       "      <td>-0.000342</td>\n",
       "      <td>0.001203</td>\n",
       "      <td>-0.000926</td>\n",
       "      <td>0.003238</td>\n",
       "    </tr>\n",
       "  </tbody>\n",
       "</table>\n",
       "</div>"
      ],
      "text/plain": [
       "Ticker      NFLX        GM      META      SBUX      AMZN      AAPL       WMT  \\\n",
       "Ticker                                                                         \n",
       "NFLX    0.011014 -0.000280  0.000507 -0.000313  0.003118  0.000171 -0.000127   \n",
       "GM     -0.000280  0.006073 -0.000186  0.000025 -0.001439 -0.000375 -0.000341   \n",
       "META    0.000507 -0.000186  0.008078  0.000467  0.001363  0.000078  0.000119   \n",
       "SBUX   -0.000313  0.000025  0.000467  0.004295 -0.000342 -0.000577 -0.000221   \n",
       "AMZN    0.003118 -0.001439  0.001363 -0.000342  0.004292  0.000776 -0.000090   \n",
       "AAPL    0.000171 -0.000375  0.000078 -0.000577  0.000776  0.003639  0.000054   \n",
       "WMT    -0.000127 -0.000341  0.000119 -0.000221 -0.000090  0.000054  0.002415   \n",
       "XOM    -0.002192  0.001142 -0.002034 -0.000190 -0.001620 -0.000864 -0.000645   \n",
       "GOOG    0.000455 -0.000207  0.000587 -0.000429  0.001170  0.000148 -0.000276   \n",
       "T      -0.001236  0.000364 -0.000778  0.000224 -0.001706 -0.000463 -0.000342   \n",
       "\n",
       "Ticker       XOM      GOOG         T  \n",
       "Ticker                                \n",
       "NFLX   -0.002192  0.000455 -0.001236  \n",
       "GM      0.001142 -0.000207  0.000364  \n",
       "META   -0.002034  0.000587 -0.000778  \n",
       "SBUX   -0.000190 -0.000429  0.000224  \n",
       "AMZN   -0.001620  0.001170 -0.001706  \n",
       "AAPL   -0.000864  0.000148 -0.000463  \n",
       "WMT    -0.000645 -0.000276 -0.000342  \n",
       "XOM     0.005139 -0.000782  0.001203  \n",
